-0.583333 0 0.587407
-0.578959 0 0.593405
-0.574476 0 0.599311
-0.569887 0 0.605123
-0.565192 0 0.610843
-0.560393 0 0.616471
-0.555492 0 0.622006
-0.55049 0 0.627449
-0.545389 0 0.6328
-0.540189 0 0.638058
-0.534893 0 0.643225
-0.529501 0 0.6483
-0.524016 0 0.653283
-0.518438 0 0.658175
-0.512769 0 0.662975
-0.507011 0 0.667684
-0.501165 0 0.672302
-0.495232 0 0.676828
-0.489214 0 0.681263
-0.483112 0 0.685607
-0.476928 0 0.689861
-0.470663 0 0.694023
-0.464319 0 0.698095
-0.457896 0 0.702077
-0.451397 0 0.705968
-0.444823 0 0.709769
-0.438175 0 0.713479
-0.431455 0 0.717099
-0.424664 0 0.72063
-0.417804 0 0.72407
-0.410875 0 0.727421
-0.403881 0 0.730682
-0.396821 0 0.733853
-0.389697 0 0.736935
-0.382511 0 0.739927
-0.375265 0 0.742831
-0.367959 0 0.745645
-0.360595 0 0.74837
-0.353175 0 0.751006
-0.3457 0 0.753553
-0.338171 0 0.756012
-0.33059 0 0.758382
-0.322958 0 0.760663
-0.315277 0 0.762856
-0.307548 0 0.764961
-0.299773 0 0.766977
-0.291952 0 0.768906
-0.284089 0 0.770746
-0.276183 0 0.772499
-0.268236 0 0.774164
-0.26025 0 0.775741
-0.252226 0 0.77723
-0.244166 0 0.778632
-0.236072 0 0.779947
-0.227943 0 0.781175
-0.219783 0 0.782315
-0.211591 0 0.783369
-0.203371 0 0.784335
-0.195123 0 0.785215
-0.186849 0 0.786008
-0.17855 0 0.786714
-0.170227 0 0.787334
-0.161882 0 0.787867
-0.153517 0 0.788315
-0.145133 0 0.788676
-0.136731 0 0.788951
-0.128312 0 0.78914
-0.119879 0 0.789243
-0.111432 0 0.78926
-0.102974 0 0.789192
-0.094505 0 0.789039
-0.0860269 0 0.788799
-0.0775411 0 0.788475
-0.0690492 0 0.788065
-0.0605525 0 0.787571
-0.0520524 0 0.786991
-0.0435505 0 0.786326
-0.0350481 0 0.785577
-0.0265466 0 0.784743
-0.0180476 0 0.783824
-0.00955238 0 0.782821
-0.00106247 0 0.781733
0.00742073 0 0.780562
0.0158958 0 0.779306
0.0243612 0 0.777966
0.0328157 0 0.776542
0.0412576 0 0.775034
0.0496857 0 0.773443
0.0580985 0 0.771768
0.0664944 0 0.770009
0.0748722 0 0.768168
0.0832303 0 0.766242
0.0915674 0 0.764234
0.0998819 0 0.762143
0.108173 0 0.759968
0.116438 0 0.757711
0.124676 0 0.755371
0.132886 0 0.752948
0.141067 0 0.750443
0.149216 0 0.747855
0.157333 0 0.745185
0.157333 0 0.745185
0.165416 0 0.742433
0.173464 0 0.7396
0.181475 0 0.736687
0.189449 0 0.733694
0.197384 0 0.730623
0.20528 0 0.727476
0.213134 0 0.724252
0.220946 0 0.720954
0.228715 0 0.717581
0.23644 0 0.714136
0.244119 0 0.710618
0.251751 0 0.70703
0.259336 0 0.703372
0.266871 0 0.699645
0.274356 0 0.695851
0.281789 0 0.69199
0.28917 0 0.688063
0.296498 0 0.684072
0.30377 0 0.680017
0.310987 0 0.675899
0.318146 0 0.67172
0.325247 0 0.667481
0.332288 0 0.663182
0.339269 0 0.658824
0.346188 0 0.65441
0.353043 0 0.649939
0.359835 0 0.645412
0.366561 0 0.640832
0.373221 0 0.636198
0.379813 0 0.631512
0.386337 0 0.626775
0.39279 0 0.621987
0.399172 0 0.617151
0.405483 0 0.612267
0.411719 0 0.607335
0.417881 0 0.602358
0.423967 0 0.597335
0.429977 0 0.592269
0.435908 0 0.58716
0.44176 0 0.582009
0.447532 0 0.576817
0.453222 0 0.571586
0.458829 0 0.566315
0.464352 0 0.561007
0.469791 0 0.555663
0.475143 0 0.550283
0.480408 0 0.544868
0.485584 0 0.539419
0.490671 0 0.533938
0.495667 0 0.528426
0.50057 0 0.522883
0.505381 0 0.517311
0.510097 0 0.51171
0.514718 0 0.506082
0.519242 0 0.500428
0.523669 0 0.494749
0.527996 0 0.489045
0.532224 0 0.483318
0.53635 0 0.477569
0.540373 0 0.471799
0.544293 0 0.466008
0.548108 0 0.460199
0.551818 0 0.454372
0.55542 0 0.448527
0.558914 0 0.442667
0.562299 0 0.436792
0.565573 0 0.430903
0.568735 0 0.425001
0.571784 0 0.419087
0.57472 0 0.413162
0.57754 0 0.407228
0.580244 0 0.401285
0.58283 0 0.395335
0.585298 0 0.389377
0.587646 0 0.383415
0.589873 0 0.377447
0.591977 0 0.371476
0.593959 0 0.365503
0.595815 0 0.359528
0.597547 0 0.353553
0.599151 0 0.347578
0.600627 0 0.341605
0.601975 0 0.335635
0.603192 0 0.329668
0.604277 0 0.323707
0.60523 0 0.317751
0.60605 0 0.311802
0.606734 0 0.30586
0.607282 0 0.299928
0.607693 0 0.294006
0.607966 0 0.288094
0.608099 0 0.282195
0.608091 0 0.276308
0.607942 0 0.270436
0.607649 0 0.264579
0.607212 0 0.258738
0.60663 0 0.252914
0.605902 0 0.247108
0.605025 0 0.241322
0.604 0 0.235556
0.604 0 0.235556
0.602825 0 0.229811
0.601502 0 0.224087
0.600033 0 0.218386
0.598418 0 0.212706
0.596661 0 0.207049
0.594762 0 0.201413
0.592723 0 0.195801
0.590546 0 0.190211
0.588233 0 0.184644
0.585786 0 0.1791
0.583206 0 0.173579
0.580494 0 0.168082
0.577653 0 0.162608
0.574685 0 0.157159
0.57159 0 0.151733
0.568371 0 0.146332
0.56503 0 0.140956
0.561568 0 0.135604
0.557987 0 0.130277
0.554288 0 0.124975
0.550474 0 0.119698
0.546545 0 0.114447
0.542505 0 0.109221
0.538354 0 0.104022
0.534094 0 0.0988484
0.529727 0 0.0937011
0.525254 0 0.0885804
0.520678 0 0.0834863
0.516 0 0.078419
0.511222 0 0.0733789
0.506345 0 0.068366
0.501372 0 0.0633806
0.496303 0 0.0584228
0.491141 0 0.0534929
0.485887 0 0.0485911
0.480544 0 0.0437175
0.475112 0 0.0388724
0.469593 0 0.0340559
0.46399 0 0.0292683
0.458304 0 0.0245097
0.452536 0 0.0197803
0.446689 0 0.0150804
0.440764 0 0.0104102
0.434763 0 0.00576976
0.428687 0 0.00115938
0.422538 0 -0.00342078
0.416318 0 -0.0079705
0.410029 0 -0.0124896
0.403673 0 -0.0169779
0.39725 0 -0.0214351
0.390763 0 -0.0258611
0.384214 0 -0.0302557
0.377604 0 -0.0346187
0.370935 0 -0.0389499
0.364208 0 -0.043249
0.357426 0 -0.047516
0.35059 0 -0.0517505
0.343702 0 -0.0559524
0.336764 0 -0.0601216
0.329776 0 -0.0642577
0.322742 0 -0.0683606
0.315662 0 -0.0724301
0.308539 0 -0.076466
0.301373 0 -0.0804682
0.294168 0 -0.0844363
0.286924 0 -0.0883703
0.279643 0 -0.0922698
0.272328 0 -0.0961348
0.264979 0 -0.099965
0.257598 0 -0.10376
0.250188 0 -0.10752
0.242749 0 -0.111245
0.235284 0 -0.114934
0.227794 0 -0.118587
0.220282 0 -0.122205
0.212747 0 -0.125786
0.205194 0 -0.129331
0.197622 0 -0.132839
0.190034 0 -0.13631
0.182432 0 -0.139745
0.174817 0 -0.143142
0.167192 0 -0.146502
0.159556 0 -0.149825
0.151914 0 -0.15311
0.144265 0 -0.156356
0.136612 0 -0.159565
0.128957 0 -0.162735
0.121301 0 -0.165867
0.113647 0 -0.16896
0.105994 0 -0.172014
0.0983467 0 -0.175029
0.0907052 0 -0.178005
0.0830715 0 -0.180941
0.0754475 0 -0.183837
0.0678347 0 -0.186694
0.060235 0 -0.18951
0.0526499 0 -0.192286
0.0450814 0 -0.195022
0.037531 0 -0.197716
0.0300005 0 -0.20037
0.03 0 -0.20037
0.0224909 0 -0.202983
0.0150036 0 -0.205554
0.00753861 0 -0.208082
9.6129e-05 0 -0.210567
-0.0073235 0 -0.213008
-0.01472 0 -0.215405
-0.022093 0 -0.217756
-0.0294422 0 -0.22006
-0.0367673 0 -0.222318
-0.044068 0 -0.224529
-0.051344 0 -0.226691
-0.0585949 0 -0.228804
-0.0658205 0 -0.230868
-0.0730205 0 -0.232881
-0.0801945 0 -0.234843
-0.0873422 0 -0.236753
-0.0944633 0 -0.238611
-0.101558 0 -0.240415
-0.108625 0 -0.242165
-0.115664 0 -0.243861
-0.122676 0 -0.245501
-0.129659 0 -0.247085
-0.136614 0 -0.248612
-0.14354 0 -0.250082
-0.150438 0 -0.251493
-0.157305 0 -0.252845
-0.164143 0 -0.254138
-0.170951 0 -0.25537
-0.177729 0 -0.256541
-0.184476 0 -0.25765
-0.191192 0 -0.258697
-0.197877 0 -0.25968
-0.20453 0 -0.2606
-0.211151 0 -0.261454
-0.21774 0 -0.262243
-0.224297 0 -0.262966
-0.230821 0 -0.263622
-0.237311 0 -0.264211
-0.243769 0 -0.264731
-0.250192 0 -0.265182
-0.256581 0 -0.265564
-0.262936 0 -0.265875
-0.269256 0 -0.266115
-0.275542 0 -0.266282
-0.281791 0 -0.266378
-0.288006 0 -0.2664
-0.294184 0 -0.266348
-0.300326 0 -0.266221
-0.306431 0 -0.266019
-0.3125 0 -0.265741
-0.318531 0 -0.265386
-0.324525 0 -0.264953
-0.330481 0 -0.264442
-0.336399 0 -0.263851
-0.342278 0 -0.263181
-0.348119 0 -0.262431
-0.353921 0 -0.261599
-0.359683 0 -0.260686
-0.365405 0 -0.25969
-0.371088 0 -0.25861
-0.37673 0 -0.257447
-0.382332 0 -0.256199
-0.387892 0 -0.254865
-0.393412 0 -0.253445
-0.398889 0 -0.251938
-0.404325 0 -0.250344
-0.409719 0 -0.248661
-0.41507 0 -0.246889
-0.420379 0 -0.245028
-0.425644 0 -0.243076
-0.430866 0 -0.241032
-0.436044 0 -0.238897
-0.441178 0 -0.236669
-0.446267 0 -0.234348
-0.451312 0 -0.231933
-0.456312 0 -0.229423
-0.461267 0 -0.226817
-0.466176 0 -0.224116
-0.471039 0 -0.221317
-0.475856 0 -0.218421
-0.480626 0 -0.215426
-0.485349 0 -0.212333
-0.490026 0 -0.209139
-0.494654 0 -0.205845
-0.499235 0 -0.20245
-0.503768 0 -0.198953
-0.508252 0 -0.195353
-0.512688 0 -0.19165
-0.517075 0 -0.187843
-0.521412 0 -0.183931
-0.525699 0 -0.179913
-0.529937 0 -0.175789
-0.534124 0 -0.171559
-0.538261 0 -0.16722
-0.542346 0 -0.162774
-0.546381 0 -0.158218
-0.550364 0 -0.153552
-0.554295 0 -0.148776
-0.558173 0 -0.143889
-0.562 0 -0.138889
-0.562 0 -0.138889
-0.565773 0 -0.133777
-0.569494 0 -0.128555
-0.57316 0 -0.123224
-0.576771 0 -0.117787
-0.580328 0 -0.112246
-0.583829 0 -0.106602
-0.587274 0 -0.100857
-0.590662 0 -0.0950145
-0.593993 0 -0.0890756
-0.597265 0 -0.0830426
-0.60048 0 -0.0769174
-0.603635 0 -0.0707022
-0.60673 0 -0.064399
-0.609766 0 -0.0580098
-0.61274 0 -0.0515368
-0.615654 0 -0.0449819
-0.618505 0 -0.0383473
-0.621294 0 -0.0316349
-0.62402 0 -0.0248468
-0.626683 0 -0.0179852
-0.629281 0 -0.0110519
-0.631814 0 -0.00404922
-0.634283 0 0.00302094
-0.636685 0 0.0101565
-0.639021 0 0.0173554
-0.64129 0 0.0246155
-0.643491 0 0.0319349
-0.645624 0 0.0393114
-0.647689 0 0.0467431
-0.649684 0 0.0542278
-0.651609 0 0.0617635
-0.653464 0 0.0693481
-0.655248 0 0.0769797
-0.656961 0 0.0846561
-0.658601 0 0.0923752
-0.660169 0 0.100135
-0.661663 0 0.107934
-0.663084 0 0.115769
-0.66443 0 0.123638
-0.665701 0 0.131541
-0.666897 0 0.139473
-0.668017 0 0.147434
-0.66906 0 0.155422
-0.670025 0 0.163433
-0.670913 0 0.171467
-0.671723 0 0.179521
-0.672454 0 0.187593
-0.673105 0 0.195682
-0.673676 0 0.203784
-0.674167 0 0.211898
-0.674576 0 0.220022
-0.674904 0 0.228154
-0.675149 0 0.236292
-0.675311 0 0.244433
-0.67539 0 0.252576
-0.675385 0 0.260719
-0.675295 0 0.268859
-0.67512 0 0.276995
-0.674859 0 0.285124
-0.674512 0 0.293244
-0.674078 0 0.301354
-0.673557 0 0.309451
-0.672947 0 0.317534
-0.672249 0 0.325599
-0.671462 0 0.333646
-0.670585 0 0.341672
-0.669618 0 0.349674
-0.66856 0 0.357652
-0.667411 0 0.365602
-0.666169 0 0.373524
-0.664835 0 0.381414
-0.663408 0 0.389271
-0.661888 0 0.397092
-0.660272 0 0.404877
-0.658563 0 0.412621
-0.656757 0 0.420324
-0.654856 0 0.427984
-0.652858 0 0.435598
-0.650763 0 0.443165
-0.648571 0 0.450681
-0.64628 0 0.458146
-0.64389 0 0.465557
-0.641401 0 0.472912
-0.638812 0 0.480209
-0.636123 0 0.487447
-0.633332 0 0.494622
-0.63044 0 0.501733
-0.627446 0 0.508778
-0.624349 0 0.515754
-0.621148 0 0.522661
-0.617844 0 0.529495
-0.614435 0 0.536254
-0.610921 0 0.542938
-0.607301 0 0.549542
-0.603575 0 0.556067
-0.599743 0 0.562508
-0.595803 0 0.568865
-0.591755 0 0.575135
-0.587599 0 0.581316
