-0.670667 0 0.376667
-0.666258 0 0.382675
-0.661712 0 0.388633
-0.657031 0 0.394539
-0.652217 0 0.400395
-0.647272 0 0.406198
-0.642198 0 0.411948
-0.636996 0 0.417646
-0.63167 0 0.42329
-0.62622 0 0.42888
-0.620648 0 0.434416
-0.614957 0 0.439896
-0.609148 0 0.445321
-0.603224 0 0.450689
-0.597186 0 0.456002
-0.591036 0 0.461257
-0.584776 0 0.466454
-0.578409 0 0.471593
-0.571935 0 0.476674
-0.565357 0 0.481696
-0.558677 0 0.486658
-0.551897 0 0.49156
-0.545019 0 0.496401
-0.538044 0 0.501181
-0.530974 0 0.505899
-0.523812 0 0.510556
-0.51656 0 0.515149
-0.509219 0 0.51968
-0.501791 0 0.524146
-0.494278 0 0.528549
-0.486683 0 0.532887
-0.479006 0 0.537159
-0.471251 0 0.541366
-0.463418 0 0.545507
-0.45551 0 0.549581
-0.447529 0 0.553588
-0.439476 0 0.557527
-0.431355 0 0.561398
-0.423165 0 0.5652
-0.414911 0 0.568932
-0.406592 0 0.572596
-0.398212 0 0.576188
-0.389772 0 0.57971
-0.381274 0 0.583161
-0.372721 0 0.58654
-0.364113 0 0.589847
-0.355454 0 0.59308
-0.346744 0 0.596241
-0.337986 0 0.599328
-0.329182 0 0.60234
-0.320334 0 0.605278
-0.311443 0 0.60814
-0.302511 0 0.610926
-0.293541 0 0.613636
-0.284535 0 0.61627
-0.275494 0 0.618825
-0.26642 0 0.621303
-0.257315 0 0.623703
-0.248181 0 0.626024
-0.239021 0 0.628265
-0.229835 0 0.630427
-0.220626 0 0.632508
-0.211396 0 0.634508
-0.202147 0 0.636427
-0.19288 0 0.638263
-0.183598 0 0.640018
-0.174303 0 0.641689
-0.164996 0 0.643277
-0.155679 0 0.644781
-0.146354 0 0.646201
-0.137024 0 0.647536
-0.12769 0 0.648785
-0.118354 0 0.649948
-0.109019 0 0.651025
-0.0996846 0 0.652014
-0.0903546 0 0.652917
-0.0810303 0 0.653731
-0.0717137 0 0.654457
-0.0624069 0 0.655093
-0.0531115 0 0.655641
-0.0438298 0 0.656098
-0.0345634 0 0.656464
-0.0253144 0 0.65674
-0.0160847 0 0.656924
-0.00687628 0 0.657016
0.00230903 0 0.657016
0.0114693 0 0.656922
0.0206025 0 0.656735
0.0297068 0 0.656453
0.0387802 0 0.656078
0.0478208 0 0.655607
0.0568267 0 0.65504
0.065796 0 0.654378
0.0747267 0 0.653618
0.0836169 0 0.652762
0.0924646 0 0.651808
0.101268 0 0.650756
0.110025 0 0.649605
0.118734 0 0.648355
0.127393 0 0.647005
0.135999 0 0.645556
0.136 0 0.645556
0.144553 0 0.644005
0.153051 0 0.642356
0.161494 0 0.640608
0.16988 0 0.638762
0.17821 0 0.636821
0.186482 0 0.634784
0.194695 0 0.632654
0.20285 0 0.630431
0.210945 0 0.628117
0.218979 0 0.625712
0.226952 0 0.623217
0.234863 0 0.620635
0.242711 0 0.617965
0.250496 0 0.61521
0.258217 0 0.612369
0.265872 0 0.609445
0.273463 0 0.606439
0.280986 0 0.603351
0.288443 0 0.600183
0.295832 0 0.596936
0.303152 0 0.593611
0.310404 0 0.590209
0.317585 0 0.586732
0.324695 0 0.58318
0.331734 0 0.579554
0.338701 0 0.575857
0.345595 0 0.572088
0.352416 0 0.568249
0.359162 0 0.564341
0.365833 0 0.560366
0.372428 0 0.556323
0.378947 0 0.552216
0.385389 0 0.548044
0.391752 0 0.543809
0.398037 0 0.539512
0.404243 0 0.535154
0.410368 0 0.530736
0.416412 0 0.526259
0.422375 0 0.521725
0.428256 0 0.517135
0.434054 0 0.512489
0.439767 0 0.507789
0.445397 0 0.503037
0.450941 0 0.498232
0.456399 0 0.493377
0.46177 0 0.488472
0.467054 0 0.483519
0.47225 0 0.478518
0.477357 0 0.473471
0.482375 0 0.46838
0.487302 0 0.463244
0.492138 0 0.458066
0.496883 0 0.452846
0.501535 0 0.447585
0.506094 0 0.442285
0.510558 0 0.436947
0.514929 0 0.431572
0.519203 0 0.426161
0.523382 0 0.420715
0.527464 0 0.415236
0.531448 0 0.409724
0.535334 0 0.40418
0.539121 0 0.398606
0.542808 0 0.393004
0.546395 0 0.387373
0.549881 0 0.381715
0.553265 0 0.376032
0.556546 0 0.370324
0.559723 0 0.364592
0.562797 0 0.358838
0.565766 0 0.353063
0.568629 0 0.347268
0.571386 0 0.341455
0.574036 0 0.335623
0.576578 0 0.329775
0.579012 0 0.323911
0.581336 0 0.318033
0.583551 0 0.312141
0.585655 0 0.306238
0.587648 0 0.300323
0.589529 0 0.294399
0.591296 0 0.288466
0.592951 0 0.282526
0.594491 0 0.276579
0.595916 0 0.270626
0.597225 0 0.26467
0.598418 0 0.258711
0.599494 0 0.252749
0.600452 0 0.246787
0.601291 0 0.240826
0.602011 0 0.234866
0.602611 0 0.228908
0.60309 0 0.222955
0.603447 0 0.217006
0.603683 0 0.211064
0.603795 0 0.205128
0.603784 0 0.199201
0.603648 0 0.193284
0.603387 0 0.187377
0.603 0 0.181482
0.603 0 0.181481
0.602487 0 0.175599
0.601849 0 0.16973
0.601089 0 0.163875
0.600208 0 0.158033
0.599208 0 0.152206
0.598091 0 0.146394
0.596859 0 0.140598
0.595515 0 0.134817
0.594059 0 0.129052
0.592494 0 0.123303
0.590822 0 0.117571
0.589044 0 0.111857
0.587163 0 0.10616
0.585181 0 0.100481
0.5831 0 0.0948206
0.580921 0 0.0891791
0.578646 0 0.0835567
0.576278 0 0.077954
0.573819 0 0.0723712
0.571269 0 0.0668089
0.568632 0 0.0612673
0.565909 0 0.055747
0.563102 0 0.0502482
0.560214 0 0.0447715
0.557245 0 0.0393171
0.554198 0 0.0338855
0.551075 0 0.0284771
0.547878 0 0.0230922
0.544609 0 0.0177313
0.541269 0 0.0123948
0.537861 0 0.00708305
0.534387 0 0.00179642
0.530848 0 -0.00346465
0.527247 0 -0.00869978
0.523585 0 -0.0139086
0.519864 0 -0.0190906
0.516087 0 -0.0242456
0.512255 0 -0.029373
0.50837 0 -0.0344725
0.504435 0 -0.0395437
0.50045 0 -0.0445861
0.496419 0 -0.0495995
0.492342 0 -0.0545833
0.488222 0 -0.0595373
0.484062 0 -0.0644609
0.479862 0 -0.0693539
0.475624 0 -0.0742158
0.471352 0 -0.0790462
0.467046 0 -0.0838448
0.462708 0 -0.088611
0.458342 0 -0.0933446
0.453947 0 -0.0980452
0.449527 0 -0.102712
0.445083 0 -0.107345
0.440618 0 -0.111944
0.436132 0 -0.116509
0.431629 0 -0.121038
0.42711 0 -0.125532
0.422577 0 -0.12999
0.418032 0 -0.134412
0.413477 0 -0.138797
0.408914 0 -0.143145
0.404344 0 -0.147456
0.399771 0 -0.151729
0.395195 0 -0.155963
0.390618 0 -0.16016
0.386043 0 -0.164317
0.381472 0 -0.168435
0.376906 0 -0.172512
0.372348 0 -0.17655
0.367799 0 -0.180547
0.363261 0 -0.184504
0.358736 0 -0.188419
0.354227 0 -0.192292
0.349735 0 -0.196123
0.345261 0 -0.199911
0.340809 0 -0.203656
0.33638 0 -0.207358
0.331975 0 -0.211017
0.327598 0 -0.214631
0.323249 0 -0.218201
0.31893 0 -0.221725
0.314645 0 -0.225205
0.310394 0 -0.228638
0.30618 0 -0.232026
0.302004 0 -0.235367
0.297868 0 -0.238661
0.293775 0 -0.241908
0.289726 0 -0.245107
0.285723 0 -0.248258
0.281769 0 -0.251361
0.277864 0 -0.254415
0.274012 0 -0.257419
0.270214 0 -0.260374
0.266471 0 -0.263278
0.262787 0 -0.266133
0.259162 0 -0.268936
0.255599 0 -0.271688
0.2521 0 -0.274388
0.248667 0 -0.277037
0.248667 0 -0.277037
0.2453 0 -0.279633
0.242 0 -0.282177
0.238764 0 -0.28467
0.235592 0 -0.287112
0.232481 0 -0.289504
0.229431 0 -0.291846
0.22644 0 -0.294139
0.223506 0 -0.296384
0.220628 0 -0.29858
0.217805 0 -0.300729
0.215035 0 -0.302831
0.212316 0 -0.304887
0.209648 0 -0.306897
0.207028 0 -0.308862
0.204456 0 -0.310782
0.20193 0 -0.312657
0.199448 0 -0.31449
0.197008 0 -0.316279
0.194611 0 -0.318026
0.192253 0 -0.31973
0.189934 0 -0.321394
0.187653 0 -0.323016
0.185407 0 -0.324599
0.183195 0 -0.326141
0.181016 0 -0.327645
0.178868 0 -0.329109
0.17675 0 -0.330536
0.174661 0 -0.331925
0.172598 0 -0.333278
0.170562 0 -0.334594
0.168549 0 -0.335874
0.166559 0 -0.337119
0.16459 0 -0.338329
0.162641 0 -0.339504
0.16071 0 -0.340647
0.158796 0 -0.341756
0.156898 0 -0.342832
0.155013 0 -0.343877
0.153141 0 -0.34489
0.15128 0 -0.345873
0.149429 0 -0.346825
0.147585 0 -0.347747
0.145749 0 -0.34864
0.143917 0 -0.349504
0.14209 0 -0.350341
0.140265 0 -0.35115
0.13844 0 -0.351931
0.136615 0 -0.352687
0.134789 0 -0.353416
0.132958 0 -0.35412
0.131123 0 -0.3548
0.129282 0 -0.355455
0.127432 0 -0.356086
0.125574 0 -0.356695
0.123704 0 -0.35728
0.121823 0 -0.357844
0.119928 0 -0.358387
0.118018 0 -0.358908
0.116091 0 -0.359409
0.114147 0 -0.35989
0.112183 0 -0.360352
0.110198 0 -0.360796
0.108191 0 -0.361221
0.10616 0 -0.361629
0.104104 0 -0.362019
0.102021 0 -0.362393
0.0999105 0 -0.362751
0.0977702 0 -0.363094
0.0955989 0 -0.363422
0.0933951 0 -0.363736
0.0911574 0 -0.364036
0.0888844 0 -0.364323
0.0865745 0 -0.364597
0.0842264 0 -0.364859
0.0818386 0 -0.36511
0.0794097 0 -0.36535
0.0769382 0 -0.365579
0.0744226 0 -0.365799
0.0718615 0 -0.366009
0.0692535 0 -0.36621
0.066597 0 -0.366404
0.0638907 0 -0.366589
0.0611331 0 -0.366768
0.0583228 0 -0.36694
0.0554583 0 -0.367106
0.0525381 0 -0.367267
0.0495608 0 -0.367423
0.046525 0 -0.367575
0.0434291 0 -0.367722
0.0402718 0 -0.367867
0.0370517 0 -0.368009
0.0337671 0 -0.368149
0.0304168 0 -0.368287
0.0269992 0 -0.368425
0.0235129 0 -0.368562
0.0199565 0 -0.368699
0.0163284 0 -0.368836
0.0126274 0 -0.368975
0.00885178 0 -0.369116
0.00500025 0 -0.369259
0.005 0 -0.369259
0.00107152 0 -0.369405
-0.00293308 0 -0.369553
-0.00701249 0 -0.369701
-0.0111654 0 -0.36985
-0.0153906 0 -0.369999
-0.0196868 0 -0.370145
-0.0240526 0 -0.370289
-0.0284867 0 -0.37043
-0.032988 0 -0.370566
-0.037555 0 -0.370696
-0.0421865 0 -0.370821
-0.0468813 0 -0.370938
-0.0516379 0 -0.371048
-0.0564552 0 -0.371148
-0.0613319 0 -0.371238
-0.0662666 0 -0.371318
-0.071258 0 -0.371386
-0.0763049 0 -0.371442
-0.081406 0 -0.371484
-0.08656 0 -0.371511
-0.0917656 0 -0.371523
-0.0970215 0 -0.371519
-0.102326 0 -0.371498
-0.107679 0 -0.371459
-0.113078 0 -0.3714
-0.118522 0 -0.371322
-0.12401 0 -0.371223
-0.129541 0 -0.371103
-0.135113 0 -0.370959
-0.140725 0 -0.370793
-0.146376 0 -0.370601
-0.152064 0 -0.370385
-0.157788 0 -0.370142
-0.163547 0 -0.369872
-0.169339 0 -0.369574
-0.175164 0 -0.369246
-0.18102 0 -0.368889
-0.186905 0 -0.368502
-0.192819 0 -0.368082
-0.19876 0 -0.36763
-0.204727 0 -0.367144
-0.210718 0 -0.366624
-0.216732 0 -0.366068
-0.222769 0 -0.365476
-0.228826 0 -0.364847
-0.234902 0 -0.36418
-0.240996 0 -0.363473
-0.247107 0 -0.362727
-0.253234 0 -0.36194
-0.259375 0 -0.361111
-0.265529 0 -0.36024
-0.271694 0 -0.359325
-0.27787 0 -0.358365
-0.284054 0 -0.35736
-0.290247 0 -0.356309
-0.296446 0 -0.35521
-0.30265 0 -0.354064
-0.308858 0 -0.352868
-0.315068 0 -0.351622
-0.32128 0 -0.350326
-0.327492 0 -0.348978
-0.333702 0 -0.347577
-0.33991 0 -0.346122
-0.346114 0 -0.344613
-0.352313 0 -0.343049
-0.358505 0 -0.341428
-0.36469 0 -0.33975
-0.370866 0 -0.338014
-0.377031 0 -0.336218
-0.383185 0 -0.334363
-0.389326 0 -0.332447
-0.395452 0 -0.330469
-0.401563 0 -0.328428
-0.407658 0 -0.326324
-0.413734 0 -0.324155
-0.419791 0 -0.321921
-0.425827 0 -0.31962
-0.431842 0 -0.317252
-0.437833 0 -0.314816
-0.4438 0 -0.312311
-0.449741 0 -0.309736
-0.455654 0 -0.30709
-0.46154 0 -0.304372
-0.467396 0 -0.301582
-0.47322 0 -0.298717
-0.479013 0 -0.295778
-0.484772 0 -0.292764
-0.490496 0 -0.289674
-0.496184 0 -0.286506
-0.501835 0 -0.283259
-0.507447 0 -0.279934
-0.513019 0 -0.276529
-0.518549 0 -0.273043
-0.524037 0 -0.269475
-0.529482 0 -0.265824
-0.534881 0 -0.262089
-0.540233 0 -0.25827
-0.545538 0 -0.254366
-0.550794 0 -0.250375
-0.556 0 -0.246297
-0.556 0 -0.246296
-0.561154 0 -0.24213
-0.566256 0 -0.237877
-0.571304 0 -0.233539
-0.576298 0 -0.229116
-0.581237 0 -0.224611
-0.58612 0 -0.220025
-0.590946 0 -0.215358
-0.595714 0 -0.210613
-0.600424 0 -0.205791
-0.605075 0 -0.200893
-0.609665 0 -0.195921
-0.614194 0 -0.190876
-0.618661 0 -0.185759
-0.623064 0 -0.180572
-0.627405 0 -0.175315
-0.63168 0 -0.169992
-0.63589 0 -0.164602
-0.640033 0 -0.159148
-0.644109 0 -0.15363
-0.648117 0 -0.14805
-0.652056 0 -0.14241
-0.655925 0 -0.136711
-0.659724 0 -0.130953
-0.66345 0 -0.12514
-0.667104 0 -0.119271
-0.670685 0 -0.113348
-0.674191 0 -0.107374
-0.677622 0 -0.101348
-0.680978 0 -0.0952729
-0.684256 0 -0.0891496
-0.687457 0 -0.0829796
-0.690579 0 -0.0767642
-0.693621 0 -0.0705048
-0.696583 0 -0.0642028
-0.699464 0 -0.0578596
-0.702263 0 -0.0514765
-0.704978 0 -0.045055
-0.70761 0 -0.0385964
-0.710157 0 -0.032102
-0.712619 0 -0.0255734
-0.714994 0 -0.0190118
-0.717281 0 -0.0124187
-0.719481 0 -0.00579545
-0.721591 0 0.000856624
-0.723611 0 0.0075361
-0.725541 0 0.0142416
-0.727379 0 0.0209717
-0.729124 0 0.0277251
-0.730776 0 0.0345004
-0.732333 0 0.0412962
-0.733796 0 0.0481111
-0.735162 0 0.0549437
-0.736431 0 0.0617926
-0.737602 0 0.0686565
-0.738675 0 0.075534
-0.739648 0 0.0824237
-0.740521 0 0.0893242
-0.741293 0 0.0962342
-0.741962 0 0.103152
-0.742528 0 0.110077
-0.74299 0 0.117007
-0.743348 0 0.123941
-0.7436 0 0.130877
-0.743745 0 0.137815
-0.743783 0 0.144752
-0.743712 0 0.151688
-0.743533 0 0.15862
-0.743243 0 0.165549
-0.742843 0 0.172471
-0.742331 0 0.179386
-0.741706 0 0.186293
-0.740967 0 0.19319
-0.740115 0 0.200076
-0.739147 0 0.206949
-0.738063 0 0.213808
-0.736861 0 0.220651
-0.735542 0 0.227478
-0.734105 0 0.234286
-0.732547 0 0.241075
-0.730869 0 0.247843
-0.72907 0 0.254588
-0.727149 0 0.26131
-0.725104 0 0.268007
-0.722936 0 0.274677
-0.720642 0 0.281319
-0.718223 0 0.287932
-0.715677 0 0.294514
-0.713004 0 0.301064
-0.710203 0 0.307581
-0.707272 0 0.314063
-0.704211 0 0.320509
-0.70102 0 0.326918
-0.697696 0 0.333287
-0.69424 0 0.339616
-0.69065 0 0.345903
-0.686926 0 0.352148
-0.683066 0 0.358348
-0.679071 0 0.364501
-0.674938 0 0.370608
